11,,,16
6,20000,30000,10000
13,10000,,4
10,,,40000
7,20000,30001,10001
13,10001,,7
9,20001,,1001
5,20000,30002,10002
13,10002,,15
15,factorial,,
2,20000,30003,10003
17,10003,,20000
3,20001,20000,10004
17,10004,,20001
16,factorial,,1
14,,,
9,30004,,1000
10,,,40001
10,,,1000
15,factorial,,
17,1000,,20000
17,30005,,20001
16,factorial,,1
10,,,40002
10,,,1001
$
factorial,nula,1,2,0
$
30000,0
40000,Error: Factorial no está definido para números negativos.
30001,0
30002,0
30003,1
30004,5
40001,Cálculo del factorial de 
30005,1
40002,Resultado: 
$
2,0,5,0,0,0,6,0,3