11,,,42
9,30000,,20001
9,30001,,20003
9,30002,,20004
6,20000,30003,10000
13,10000,,7
10,,,40000
7,20000,30004,10001
13,10001,,13
10,,,40001
10,,,20000
10,,,40002
10,,,30005
7,20000,30006,10002
13,10002,,19
10,,,40003
10,,,20000
10,,,40004
10,,,20003
7,20000,30007,10003
13,10003,,25
10,,,40005
10,,,20000
10,,,40006
10,,,20004
5,20000,30008,10004
13,10004,,41
2,20000,30009,10005
6,20001,10005,10006
13,10006,,37
1,20003,20004,10007
9,10007,,20002
9,20004,,20003
9,20002,,20004
1,20001,30010,10008
9,10008,,20001
11,,,27
10,,,40007
10,,,20000
10,,,40008
10,,,20004
14,,,
9,30011,,1000
15,fibonacci,,
17,1000,,20000
16,fibonacci,,1
$
fibonacci,nula,1,5,0
$
30000,1
30001,1
30002,1
30003,0
40000,Error
30004,0
40001,Fibonacci 
40002, :
30005,0
30006,1
40003,Fibonacci 
40004, :
30007,2
40005,Fibonacci 
40006, :
30008,2
30009,1
30010,1
40007,Fibonacci 
40008, :
30011,6
$
1,0,9,0,0,0,12,0,9