11,,,1
9,30000,,1000
9,30001,,1001
9,30002,,1003
9,30003,,1004
6,1000,30004,10000
13,10000,,8
10,,,40000
7,1000,30005,10001
13,10001,,14
10,,,40001
10,,,1000
10,,,40002
10,,,30006
7,1000,30007,10002
13,10002,,20
10,,,40003
10,,,1000
10,,,40004
10,,,1003
7,1000,30008,10003
13,10003,,26
10,,,40005
10,,,1000
10,,,40006
10,,,1004
5,1000,30009,10004
13,10004,,42
2,1000,30010,10005
6,1001,10005,10006
13,10006,,38
1,1003,1004,10007
9,10007,,1002
9,1004,,1003
9,1002,,1004
1,1001,30011,10008
9,10008,,1001
11,,,28
10,,,40007
10,,,1000
10,,,40008
10,,,1004
$

$
30000,7
30001,1
30002,1
30003,1
30004,0
40000,Error
30005,0
40001,Fibonacci 
40002, :
30006,0
30007,1
40003,Fibonacci 
40004, :
30008,2
40005,Fibonacci 
40006, :
30009,2
30010,1
30011,1
40007,Fibonacci 
40008, :
$
5,0,9,0,0,0,12,0,9